  1        26         0               0
  2       325         1             325   1.703
  3      2600         3            7800   1.755
  4     14950         7          104650   1.878
  5     65780        15          986700   1.965
  6    230230        31         7137130   3.921
  7    657800        63        41441400  10.644
  8   1562275       127       198408925  48.599
  9   3124550       255       796760250 188.710 
 10   5311735       511      2714296585 659.925
 11   7726160      1023      7903861680
 12   9657700      2047     19769311900
 13  10400600      4095     42590457000
 14   9657700      8191     79106220700
 15   7726160     16383    126577679280
 16   5311735     32767    174049620745
 17   3124550     65535    204767384250
 18   1562275    131071    204768946525
 19    657800    262143    172437665400
 20    230230    524287    120706596010
 21     65780   1048575     68975263500
 22     14950   2097151     31352407450
 23      2600   4194303     10905187800
 24       325   8388607      2726297275
 25        26  16777215       436207590
 26         1  33554431        33554431
